n0=16 nCopies=6 nParticles=96 dens=0.05 nsteps=100 nsweep=400 ctalk = 1.2 e1=8 e2=4 e3=2 e4 = 1 e5 = 0.5
  0.0000 -13.2000  96.0000   0.0000   0.0000   0.0000   0.0000   0.0000   0.0000   0.0000   0.0000   0.0000   0.0000   0.0000   0.0000   0.0000   0.0000   0.0000 
  0.0000 -260.4000  45.0000   9.0000   7.0000   3.0000   0.0000   0.0000   0.0000   0.0000   0.0000   0.0000   0.0000   0.0000   0.0000   0.0000   0.0000   0.0000 
  1.0000 -398.4000  19.0000  14.0000   9.0000   3.0000   2.0000   0.0000   0.0000   0.0000   0.0000   0.0000   0.0000   0.0000   0.0000   0.0000   0.0000   0.0000 
  2.0000 -488.8000  13.0000  14.0000   7.0000   3.0000   0.0000   1.0000   0.0000   2.0000   0.0000   0.0000   0.0000   0.0000   0.0000   0.0000   0.0000   0.0000 
  3.0000 -529.6000  10.0000  13.0000   5.0000   4.0000   0.0000   1.0000   1.0000   2.0000   0.0000   0.0000   0.0000   0.0000   0.0000   0.0000   0.0000   0.0000 
  4.0000 -521.6000  13.0000  11.0000   5.0000   2.0000   2.0000   2.0000   0.0000   2.0000   0.0000   0.0000   0.0000   0.0000   0.0000   0.0000   0.0000   0.0000 
  5.0000 -543.2000   8.0000  13.0000   8.0000   1.0000   0.0000   0.0000   2.0000   0.0000   1.0000   0.0000   1.0000   0.0000   0.0000   0.0000   0.0000   0.0000 
  6.0000 -592.0000   7.0000  11.0000   7.0000   0.0000   0.0000   2.0000   2.0000   0.0000   1.0000   0.0000   1.0000   0.0000   0.0000   0.0000   0.0000   0.0000 
  7.0000 -592.4000   7.0000  12.0000   6.0000   0.0000   0.0000   1.0000   3.0000   0.0000   1.0000   0.0000   1.0000   0.0000   0.0000   0.0000   0.0000   0.0000 
  8.0000 -594.0000   7.0000  11.0000   5.0000   0.0000   1.0000   1.0000   3.0000   0.0000   1.0000   0.0000   1.0000   0.0000   0.0000   0.0000   0.0000   0.0000 
  9.0000 -568.4000   9.0000  13.0000   4.0000   0.0000   0.0000   1.0000   2.0000   0.0000   2.0000   0.0000   1.0000   0.0000   0.0000   0.0000   0.0000   0.0000 
 10.0000 -581.6000   9.0000  11.0000   4.0000   0.0000   0.0000   1.0000   2.0000   0.0000   0.0000   0.0000   3.0000   0.0000   0.0000   0.0000   0.0000   0.0000 
 11.0000 -611.6000   8.0000   5.0000   5.0000   2.0000   0.0000   1.0000   1.0000   0.0000   1.0000   0.0000   3.0000   0.0000   0.0000   0.0000   0.0000   0.0000 
 12.0000 -612.8000   8.0000   4.0000   7.0000   2.0000   1.0000   0.0000   1.0000   1.0000   1.0000   0.0000   2.0000   0.0000   0.0000   0.0000   0.0000   0.0000 
 13.0000 -616.4000  10.0000   5.0000   7.0000   1.0000   0.0000   1.0000   1.0000   1.0000   1.0000   1.0000   1.0000   0.0000   0.0000   0.0000   0.0000   0.0000 
 14.0000 -614.0000   8.0000   2.0000  10.0000   2.0000   0.0000   0.0000   1.0000   1.0000   0.0000   2.0000   1.0000   0.0000   0.0000   0.0000   0.0000   0.0000 
 15.0000 -614.0000   9.0000   6.0000   7.0000   2.0000   0.0000   0.0000   1.0000   1.0000   0.0000   2.0000   1.0000   0.0000   0.0000   0.0000   0.0000   0.0000 
 16.0000 -630.0000   9.0000   5.0000   7.0000   2.0000   0.0000   0.0000   1.0000   1.0000   0.0000   2.0000   0.0000   0.0000   1.0000   0.0000   0.0000   0.0000 
 17.0000 -643.2000   9.0000   4.0000   4.0000   2.0000   0.0000   0.0000   1.0000   1.0000   0.0000   2.0000   1.0000   0.0000   1.0000   0.0000   0.0000   0.0000 
 18.0000 -645.2000   8.0000   4.0000   6.0000   2.0000   0.0000   1.0000   1.0000   1.0000   0.0000   1.0000   1.0000   1.0000   0.0000   0.0000   0.0000   0.0000 
 19.0000 -674.8000   6.0000   6.0000   2.0000   3.0000   0.0000   0.0000   1.0000   1.0000   0.0000   1.0000   1.0000   2.0000   0.0000   0.0000   0.0000   0.0000 
 20.0000 -656.8000   9.0000   6.0000   1.0000   3.0000   0.0000   0.0000   1.0000   1.0000   0.0000   1.0000   1.0000   2.0000   0.0000   0.0000   0.0000   0.0000 
 21.0000 -697.6000   8.0000   2.0000   3.0000   2.0000   0.0000   0.0000   1.0000   1.0000   0.0000   0.0000   1.0000   1.0000   0.0000   1.0000   1.0000   0.0000 
 22.0000 -694.0000   8.0000   3.0000   3.0000   1.0000   0.0000   3.0000   2.0000   1.0000   0.0000   0.0000   0.0000   0.0000   0.0000   1.0000   1.0000   0.0000 
 23.0000 -712.8000   6.0000   6.0000   2.0000   0.0000   0.0000   2.0000   1.0000   0.0000   1.0000   0.0000   0.0000   0.0000   0.0000   1.0000   2.0000   0.0000 
 24.0000 -739.2000   5.0000   5.0000   2.0000   1.0000   0.0000   2.0000   2.0000   0.0000   0.0000   0.0000   0.0000   0.0000   0.0000   1.0000   1.0000   1.0000 
 25.0000 -726.0000   7.0000   4.0000   3.0000   2.0000   0.0000   2.0000   1.0000   0.0000   0.0000   0.0000   0.0000   0.0000   0.0000   1.0000   1.0000   1.0000 
 26.0000 -735.2000   4.0000   6.0000   1.0000   3.0000   0.0000   2.0000   0.0000   1.0000   0.0000   0.0000   0.0000   0.0000   0.0000   1.0000   1.0000   1.0000 
 27.0000 -728.4000   5.0000   6.0000   1.0000   3.0000   1.0000   1.0000   0.0000   1.0000   0.0000   0.0000   0.0000   0.0000   0.0000   1.0000   1.0000   1.0000 
 28.0000 -768.8000   1.0000   3.0000   2.0000   3.0000   1.0000   1.0000   1.0000   1.0000   0.0000   0.0000   0.0000   0.0000   0.0000   1.0000   1.0000   1.0000 
 29.0000 -747.2000   4.0000   4.0000   3.0000   3.0000   1.0000   1.0000   1.0000   0.0000   0.0000   0.0000   0.0000   0.0000   0.0000   1.0000   1.0000   1.0000 
 30.0000 -752.8000   4.0000   2.0000   1.0000   4.0000   1.0000   2.0000   1.0000   0.0000   0.0000   0.0000   0.0000   0.0000   0.0000   1.0000   1.0000   1.0000 
 31.0000 -747.6000   5.0000   4.0000   3.0000   0.0000   0.0000   1.0000   2.0000   0.0000   1.0000   0.0000   0.0000   0.0000   0.0000   1.0000   1.0000   1.0000 
 32.0000 -763.2000   4.0000   4.0000   3.0000   0.0000   0.0000   1.0000   2.0000   0.0000   1.0000   0.0000   0.0000   0.0000   0.0000   0.0000   2.0000   1.0000 
 33.0000 -751.2000   5.0000   5.0000   3.0000   1.0000   0.0000   1.0000   1.0000   0.0000   1.0000   0.0000   0.0000   0.0000   0.0000   0.0000   2.0000   1.0000 
 34.0000 -794.0000   3.0000   2.0000   4.0000   1.0000   0.0000   1.0000   3.0000   0.0000   0.0000   0.0000   0.0000   0.0000   0.0000   0.0000   2.0000   1.0000 
 35.0000 -799.2000   4.0000   3.0000   3.0000   1.0000   0.0000   0.0000   2.0000   0.0000   0.0000   0.0000   0.0000   0.0000   1.0000   0.0000   2.0000   1.0000 
 36.0000 -786.8000   3.0000   5.0000   3.0000   2.0000   0.0000   0.0000   1.0000   0.0000   0.0000   0.0000   0.0000   0.0000   1.0000   0.0000   2.0000   1.0000 
 37.0000 -786.8000   5.0000   4.0000   3.0000   2.0000   0.0000   0.0000   1.0000   0.0000   0.0000   0.0000   0.0000   0.0000   1.0000   0.0000   2.0000   1.0000 
 38.0000 -778.4000   5.0000   4.0000   3.0000   2.0000   0.0000   0.0000   1.0000   0.0000   0.0000   0.0000   0.0000   0.0000   1.0000   0.0000   2.0000   1.0000 
 39.0000 -793.2000   4.0000   4.0000   3.0000   2.0000   0.0000   0.0000   0.0000   1.0000   0.0000   0.0000   0.0000   0.0000   1.0000   0.0000   2.0000   1.0000 
 40.0000 -784.0000   5.0000   4.0000   3.0000   2.0000   0.0000   0.0000   0.0000   1.0000   0.0000   0.0000   0.0000   1.0000   0.0000   0.0000   2.0000   1.0000 
 41.0000 -779.6000   6.0000   5.0000   2.0000   2.0000   0.0000   0.0000   0.0000   1.0000   0.0000   0.0000   0.0000   1.0000   0.0000   0.0000   2.0000   1.0000 
 42.0000 -800.4000   3.0000   5.0000   3.0000   2.0000   0.0000   0.0000   0.0000   1.0000   0.0000   0.0000   0.0000   1.0000   0.0000   0.0000   2.0000   1.0000 
 43.0000 -807.6000   4.0000   3.0000   3.0000   3.0000   0.0000   0.0000   1.0000   0.0000   0.0000   0.0000   0.0000   1.0000   0.0000   0.0000   2.0000   1.0000 
 44.0000 -815.6000   1.0000   3.0000   3.0000   2.0000   0.0000   1.0000   0.0000   1.0000   0.0000   0.0000   0.0000   1.0000   0.0000   0.0000   2.0000   1.0000 
 45.0000 -815.2000   3.0000   2.0000   3.0000   2.0000   0.0000   0.0000   2.0000   0.0000   0.0000   0.0000   0.0000   1.0000   0.0000   0.0000   2.0000   1.0000 
 46.0000 -826.0000   3.0000   2.0000   3.0000   2.0000   0.0000   0.0000   2.0000   0.0000   0.0000   0.0000   0.0000   1.0000   0.0000   0.0000   2.0000   1.0000 
 47.0000 -816.0000   5.0000   4.0000   1.0000   2.0000   0.0000   0.0000   2.0000   0.0000   0.0000   0.0000   0.0000   1.0000   0.0000   0.0000   2.0000   1.0000 
 48.0000 -810.4000   7.0000   3.0000   1.0000   2.0000   0.0000   0.0000   2.0000   0.0000   0.0000   0.0000   0.0000   1.0000   0.0000   0.0000   2.0000   1.0000 
 49.0000 -802.4000  10.0000   1.0000   1.0000   2.0000   0.0000   0.0000   2.0000   0.0000   0.0000   0.0000   0.0000   0.0000   1.0000   0.0000   2.0000   1.0000 
 50.0000 -826.4000   5.0000   2.0000   2.0000   2.0000   0.0000   0.0000   2.0000   0.0000   0.0000   0.0000   0.0000   0.0000   1.0000   0.0000   2.0000   1.0000 
 51.0000 -836.0000   3.0000   3.0000   1.0000   3.0000   0.0000   0.0000   2.0000   0.0000   0.0000   0.0000   0.0000   0.0000   1.0000   1.0000   1.0000   1.0000 
 52.0000 -833.2000   4.0000   2.0000   1.0000   2.0000   1.0000   0.0000   2.0000   0.0000   0.0000   0.0000   0.0000   0.0000   1.0000   1.0000   1.0000   1.0000 
 53.0000 -853.2000   3.0000   1.0000   2.0000   3.0000   0.0000   0.0000   2.0000   0.0000   0.0000   0.0000   0.0000   0.0000   0.0000   2.0000   1.0000   1.0000 
 54.0000 -857.2000   3.0000   1.0000   0.0000   3.0000   0.0000   1.0000   2.0000   0.0000   0.0000   0.0000   0.0000   0.0000   0.0000   2.0000   1.0000   1.0000 
 55.0000 -858.0000   2.0000   1.0000   2.0000   3.0000   0.0000   0.0000   2.0000   0.0000   0.0000   0.0000   0.0000   0.0000   0.0000   1.0000   2.0000   1.0000 
 56.0000 -848.8000   2.0000   1.0000   3.0000   4.0000   0.0000   0.0000   1.0000   0.0000   0.0000   0.0000   0.0000   0.0000   0.0000   1.0000   2.0000   1.0000 
 57.0000 -846.8000   2.0000   1.0000   2.0000   3.0000   0.0000   0.0000   2.0000   0.0000   0.0000   0.0000   0.0000   0.0000   0.0000   1.0000   2.0000   1.0000 
 58.0000 -831.2000   3.0000   2.0000   2.0000   4.0000   0.0000   0.0000   1.0000   0.0000   0.0000   0.0000   0.0000   0.0000   0.0000   1.0000   2.0000   1.0000 
 59.0000 -832.4000   3.0000   2.0000   2.0000   4.0000   0.0000   0.0000   1.0000   0.0000   0.0000   0.0000   0.0000   0.0000   0.0000   1.0000   2.0000   1.0000 
 60.0000 -836.0000   3.0000   2.0000   2.0000   4.0000   0.0000   0.0000   1.0000   0.0000   0.0000   0.0000   0.0000   0.0000   0.0000   1.0000   2.0000   1.0000 
 61.0000 -837.2000   3.0000   2.0000   2.0000   4.0000   0.0000   0.0000   1.0000   0.0000   0.0000   0.0000   0.0000   0.0000   0.0000   1.0000   2.0000   1.0000 
 62.0000 -838.4000   3.0000   2.0000   2.0000   4.0000   0.0000   0.0000   1.0000   0.0000   0.0000   0.0000   0.0000   0.0000   0.0000   1.0000   2.0000   1.0000 
 63.0000 -832.4000   3.0000   2.0000   2.0000   4.0000   0.0000   0.0000   1.0000   0.0000   0.0000   0.0000   0.0000   0.0000   0.0000   1.0000   2.0000   1.0000 
 64.0000 -826.0000   2.0000   1.0000   2.0000   5.0000   0.0000   1.0000   0.0000   0.0000   0.0000   0.0000   0.0000   0.0000   0.0000   1.0000   2.0000   1.0000 
 65.0000 -816.8000   3.0000   1.0000   2.0000   5.0000   1.0000   0.0000   0.0000   0.0000   0.0000   0.0000   0.0000   0.0000   0.0000   1.0000   2.0000   1.0000 
 66.0000 -819.2000   3.0000   1.0000   2.0000   5.0000   1.0000   0.0000   0.0000   0.0000   0.0000   0.0000   0.0000   0.0000   0.0000   1.0000   2.0000   1.0000 
 67.0000 -826.4000   3.0000   1.0000   2.0000   5.0000   1.0000   0.0000   0.0000   0.0000   0.0000   0.0000   0.0000   0.0000   0.0000   1.0000   2.0000   1.0000 
 68.0000 -816.8000   3.0000   1.0000   2.0000   5.0000   1.0000   0.0000   0.0000   0.0000   0.0000   0.0000   0.0000   0.0000   0.0000   1.0000   2.0000   1.0000 
 69.0000 -840.8000   3.0000   1.0000   2.0000   5.0000   1.0000   0.0000   0.0000   0.0000   0.0000   0.0000   0.0000   0.0000   0.0000   1.0000   2.0000   1.0000 
 70.0000 -837.6000   3.0000   1.0000   2.0000   4.0000   0.0000   0.0000   0.0000   0.0000   1.0000   0.0000   0.0000   0.0000   0.0000   1.0000   2.0000   1.0000 
 71.0000 -832.0000   3.0000   1.0000   2.0000   3.0000   1.0000   0.0000   0.0000   1.0000   0.0000   0.0000   0.0000   0.0000   0.0000   1.0000   2.0000   1.0000 
 72.0000 -825.6000   3.0000   1.0000   2.0000   4.0000   0.0000   0.0000   0.0000   0.0000   1.0000   0.0000   0.0000   0.0000   0.0000   1.0000   2.0000   1.0000 
 73.0000 -804.4000   4.0000   3.0000   2.0000   5.0000   0.0000   0.0000   0.0000   0.0000   0.0000   0.0000   0.0000   0.0000   0.0000   1.0000   2.0000   1.0000 
 74.0000 -813.6000   1.0000   6.0000   1.0000   5.0000   0.0000   0.0000   0.0000   0.0000   0.0000   0.0000   0.0000   0.0000   0.0000   1.0000   2.0000   1.0000 
 75.0000 -801.2000   5.0000   4.0000   1.0000   5.0000   0.0000   0.0000   0.0000   0.0000   0.0000   0.0000   0.0000   0.0000   0.0000   1.0000   2.0000   1.0000 
 76.0000 -806.4000   3.0000   4.0000   0.0000   5.0000   1.0000   0.0000   0.0000   0.0000   0.0000   0.0000   0.0000   0.0000   0.0000   1.0000   2.0000   1.0000 
 77.0000 -826.0000   2.0000   4.0000   0.0000   5.0000   1.0000   0.0000   0.0000   0.0000   0.0000   0.0000   0.0000   0.0000   0.0000   1.0000   1.0000   2.0000 
 78.0000 -854.0000   2.0000   2.0000   0.0000   6.0000   1.0000   0.0000   0.0000   0.0000   0.0000   0.0000   0.0000   0.0000   0.0000   1.0000   1.0000   2.0000 
 79.0000 -854.0000   2.0000   2.0000   0.0000   6.0000   1.0000   0.0000   0.0000   0.0000   0.0000   0.0000   0.0000   0.0000   0.0000   1.0000   1.0000   2.0000 
 80.0000 -862.0000   2.0000   2.0000   0.0000   4.0000   1.0000   0.0000   0.0000   1.0000   0.0000   0.0000   0.0000   0.0000   0.0000   1.0000   1.0000   2.0000 
 81.0000 -869.2000   4.0000   1.0000   0.0000   2.0000   1.0000   0.0000   0.0000   2.0000   0.0000   0.0000   0.0000   0.0000   0.0000   1.0000   1.0000   2.0000 
 82.0000 -880.8000   2.0000   2.0000   0.0000   2.0000   1.0000   0.0000   0.0000   2.0000   0.0000   0.0000   0.0000   0.0000   0.0000   1.0000   1.0000   2.0000 
 83.0000 -878.4000   2.0000   2.0000   0.0000   2.0000   1.0000   0.0000   0.0000   2.0000   0.0000   0.0000   0.0000   0.0000   0.0000   1.0000   1.0000   2.0000 
 84.0000 -874.8000   2.0000   2.0000   0.0000   2.0000   1.0000   0.0000   0.0000   2.0000   0.0000   0.0000   0.0000   0.0000   0.0000   1.0000   1.0000   2.0000 
 85.0000 -882.8000   2.0000   2.0000   0.0000   1.0000   1.0000   0.0000   0.0000   1.0000   0.0000   0.0000   0.0000   1.0000   0.0000   1.0000   1.0000   2.0000 
 86.0000 -881.6000   2.0000   2.0000   0.0000   1.0000   1.0000   0.0000   0.0000   1.0000   0.0000   0.0000   0.0000   1.0000   0.0000   1.0000   1.0000   2.0000 
 87.0000 -886.4000   2.0000   2.0000   0.0000   1.0000   1.0000   0.0000   0.0000   1.0000   0.0000   0.0000   0.0000   1.0000   0.0000   1.0000   1.0000   2.0000 
 88.0000 -885.2000   2.0000   2.0000   0.0000   1.0000   1.0000   0.0000   0.0000   1.0000   0.0000   0.0000   0.0000   1.0000   0.0000   1.0000   1.0000   2.0000 
 89.0000 -875.6000   2.0000   2.0000   0.0000   1.0000   1.0000   0.0000   0.0000   1.0000   0.0000   0.0000   0.0000   1.0000   0.0000   1.0000   1.0000   2.0000 
 90.0000 -874.4000   2.0000   2.0000   0.0000   1.0000   1.0000   0.0000   0.0000   1.0000   0.0000   0.0000   0.0000   1.0000   0.0000   1.0000   1.0000   2.0000 
 91.0000 -878.0000   2.0000   2.0000   0.0000   1.0000   1.0000   0.0000   0.0000   1.0000   0.0000   0.0000   0.0000   1.0000   0.0000   1.0000   1.0000   2.0000 
 92.0000 -882.4000   2.0000   2.0000   0.0000   1.0000   0.0000   0.0000   0.0000   0.0000   0.0000   0.0000   0.0000   1.0000   1.0000   1.0000   1.0000   2.0000 
 93.0000 -883.6000   2.0000   2.0000   0.0000   1.0000   0.0000   0.0000   0.0000   0.0000   0.0000   0.0000   0.0000   1.0000   1.0000   1.0000   1.0000   2.0000 
 94.0000 -878.8000   2.0000   2.0000   0.0000   1.0000   0.0000   0.0000   0.0000   0.0000   0.0000   0.0000   0.0000   1.0000   1.0000   1.0000   1.0000   2.0000 
 95.0000 -883.6000   2.0000   2.0000   0.0000   1.0000   0.0000   0.0000   0.0000   0.0000   0.0000   0.0000   0.0000   1.0000   1.0000   1.0000   1.0000   2.0000 
 96.0000 -880.0000   2.0000   2.0000   0.0000   1.0000   0.0000   0.0000   0.0000   0.0000   0.0000   0.0000   0.0000   1.0000   1.0000   1.0000   1.0000   2.0000 
 97.0000 -880.0000   2.0000   2.0000   0.0000   1.0000   0.0000   0.0000   0.0000   0.0000   0.0000   0.0000   0.0000   1.0000   1.0000   1.0000   1.0000   2.0000 
 98.0000 -880.0000   2.0000   2.0000   0.0000   1.0000   0.0000   0.0000   0.0000   0.0000   0.0000   0.0000   0.0000   1.0000   1.0000   1.0000   1.0000   2.0000 
 99.0000 -872.8000   2.0000   2.0000   0.0000   1.0000   0.0000   0.0000   0.0000   0.0000   0.0000   0.0000   0.0000   1.0000   1.0000   1.0000   1.0000   2.0000 
